source_id,ra,e_ra,dec,e_dec,plx,e_plx,pmra,e_pmra,pmde,e_pmde,ruwe,Gmag,BPmag,RPmag,e_Gmag,e_BPmag,e_RPmag,SrcID,Jap3,e_Jap3,Hap3,e_Hap3,Ksap3,e_Ksap3,TMASS,Jmag,Hmag,Ksmag,e_Jmag,e_Hmag,e_Ksmag,Qflag,Rflag,Xflag,Catalogue,BPRP_excess
5514558787671612544,122.26193656909,0.0096,-49.10059528837,0.0106,2.5633,0.0116,-8.52,0.014,4.1,0.013,0.944,11.719861,11.974069,11.306969,0.002762,0.002873,0.003808,472830623307,11.2274,0.0005,-9,-9,10.6944,0.0009,08090287-4906022,10.864,10.613,10.595,0.022,0.024,0.019,AAA,222,0,GES,1.19
5514296249211928960,122.71071789942,0.0077,-49.59922315398,0.0098,2.6033,0.0097,-8.404,0.01,4.333,0.011,0.96,12.54357,12.876838,12.039681,0.002874,0.003975,0.004336,472830673714,11.5071,0.0006,-9,-9,11.0755,0.001,08105058-4935573,11.498,11.202,11.103,0.027,0.026,0.026,AAA,222,0,GES,1.203
5514351667170003584,122.81947241745,0.0646,-49.37470426357,0.0848,2.6525,0.0769,-8.721,0.084,4.315,0.1,0.987,17.665707,19.300873,16.443554,0.003038,0.037238,0.006891,472830651317,14.6285,0.0044,-9,-9,13.8138,0.0068,08111669-4922290,14.742,14.014,13.876,0.037,0.044,0.05,AAA,222,0,GES,1.458
5514345211840458624,122.64871103035,0.0287,-49.46374632867,0.0367,2.6195,0.0359,-8.63,0.041,3.986,0.045,0.946,16.236805,17.4135,15.153623,0.003145,0.011578,0.007017,472830660012,13.613,0.002,-9,-9,12.7427,0.0031,08103571-4927495,13.661,12.939,12.744,0.024,0.032,0.03,AAA,222,0,GES,1.387
5514365999481965568,122.52941569067,0.0567,-49.21658740372,0.063,2.5015,0.0676,-8.86,0.073,4.329,0.087,0.981,17.424688,18.909286,16.226437,0.00314,0.047608,0.00773,472830635475,14.4295,0.0034,-9,-9,13.6027,0.0056,08100708-4912597,14.589,13.847,13.608,0.046,0.038,0.041,AAA,222,0,GES,1.454
5514335449373051008,122.30584539066,0.079,-49.48976991994,0.0807,2.7432,0.0883,-8.26,0.11,4.798,0.106,1.039,18.030905,19.901375,16.733778,0.00317,0.037303,0.007078,472830662584,14.7425,0.0043,-9,-9,13.9476,0.0079,08091341-4929232,14.798,14.227,13.883,0.032,0.041,0.045,AAA,222,0,GES,1.52
5514550506977203328,121.87587921594,0.0493,-49.0327532691,0.0604,2.4995,0.0627,-8.171,0.064,3.87,0.063,1.202,16.677488,18.183676,15.468316,0.00314,0.014037,0.00499,472830616391,13.7035,0.0022,-9,-9,12.8552,0.0034,08073022-4901579,13.739,13.118,12.862,0.024,0.024,0.03,AAA,222,0,GES,1.463
5515855528500099456,123.01592322622,0.0721,-49.20124798869,0.0918,2.598,0.0902,-9.022,0.094,4.248,0.111,1.079,17.697481,19.38595,16.477644,0.00309,0.031178,0.006226,472830633892,14.6476,0.004,-9,-9,13.8255,0.0068,08120383-4912045,14.672,14.05,13.734,0.037,0.036,0.041,AAA,222,0,GES,1.448
5514375345330684416,122.68934474335,0.0108,-49.01854343204,0.012,2.623,0.0123,-9.09,0.014,4.064,0.016,1.131,12.004985,12.279714,11.556407,0.002767,0.002919,0.003821,472830614974,11.427,0.0006,-9,-9,10.8077,0.0009,08104546-4901068,11.046,10.821,10.729,0.026,0.027,0.021,AAA,222,0,GES,1.199
5514564770568331648,122.57063631155,0.0088,-48.9053809319,0.0104,2.5921,0.0105,-8.389,0.011,4.329,0.014,0.953,13.169497,13.558632,12.605399,0.002976,0.004575,0.004943,472830603923,11.9937,0.0008,-9,-9,11.5476,0.0014,08101697-4854194,11.937,11.557,11.488,0.027,0.026,0.026,AAA,222,0,GES,1.214
5514566690412520448,122.37536648796,0.0438,-48.9187968367,0.0435,2.6237,0.0485,-8.388,0.059,4.581,0.053,1.028,16.948679,18.59011,15.711735,0.002938,0.01621,0.004603,472830605465,13.9053,0.0026,-9,-9,13.0934,0.0038,08093010-4855077,13.868,13.311,13.063,0.037,0.032,0.036,AAA,222,0,GES,1.475
5514334178062504576,122.15954424986,0.0559,-49.54221719164,0.0636,2.5922,0.0662,-8.167,0.076,4.656,0.08,1.495,16.79392,18.148478,15.612165,0.002993,0.011897,0.004499,472830667933,13.9763,0.0026,-9,-9,13.112,0.004,08083830-4932320,13.995,13.327,13.12,0.03,0.024,0.03,AAA,222,0,GES,1.458
5514371664538399104,122.74655123944,0.1159,-49.07436737636,0.1429,2.5233,0.1409,-8.257,0.158,4.422,0.17,1.051,18.39882,20.486528,17.049397,0.003439,0.065726,0.008818,472830620469,15.003,0.0052,-9,-9,14.1944,0.009,08105917-4904277,15.085,14.482,14.171,0.038,0.057,0.061,AAA,222,0,GES,1.565
5514374039660723712,122.60355942593,0.0085,-49.03040727093,0.0101,2.6059,0.01,-8.513,0.012,4.11,0.014,1.008,12.5023,12.823773,12.009158,0.002872,0.003968,0.004351,472830616070,11.5582,0.0007,-9,-9,11.1117,0.0011,08102486-4901495,11.472,11.176,11.135,0.023,0.023,0.023,AAA,222,0,GES,1.202
5514360948600663808,122.48249081005,0.0084,-49.37795967264,0.0092,2.6297,0.0095,-8.561,0.011,4.205,0.013,0.959,13.083483,13.51914,12.481112,0.003088,0.005796,0.00546,472830651682,11.7424,0.0007,-9,-9,11.2278,0.0011,08095581-4922406,11.716,11.293,11.184,0.026,0.026,0.019,AAA,222,0,GES,1.219
5514339611202418560,122.26951738704,0.0487,-49.41099265342,0.0511,2.5735,0.0546,-8.905,0.069,4.279,0.066,1.501,16.466093,17.92683,15.254698,0.003222,0.009356,0.004283,472830654757,13.5226,0.0019,-9,-9,12.6894,0.0031,08090470-4924395,13.591,12.945,12.688,0.029,0.03,0.019,AAA,222,0,GES,1.473
5516065840159179264,122.83614591764,0.045,-48.82293199173,0.0523,2.5618,0.0529,-8.807,0.059,4.279,0.068,1.042,16.96414,18.366467,15.799573,0.003006,0.01625,0.005259,472830595394,14.148,0.0029,-9,-9,13.3116,0.0043,08112069-4849225,14.177,13.47,13.213,0.029,0.027,0.031,AAA,222,0,GES,1.43
5514369607254394880,122.64878038543,0.0184,-49.15022205777,0.02,2.6167,0.0211,-8.306,0.024,4.677,0.027,1.027,15.242824,16.111307,14.318319,0.003404,0.008436,0.006403,472830628342,13.0686,0.0014,-9,-9,12.2562,0.0021,08103572-4909008,13.173,12.492,12.322,0.022,0.022,0.023,AAA,222,0,GES,1.312
5514372149875126144,122.53111544507,0.0223,-49.17907461888,0.0237,2.6262,0.0254,-8.637,0.027,4.543,0.03,1.035,15.474855,16.405224,14.513573,0.003111,0.008029,0.005774,472830631404,13.1663,0.0015,-9,-9,12.3335,0.0022,08100749-4910447,13.222,12.543,12.382,0.024,0.022,0.024,AAA,222,0,GES,1.328
5514555699597383296,122.31852217993,0.0308,-49.12330274731,0.0321,2.581,0.0357,-8.848,0.04,4.402,0.039,1.042,16.228712,17.663244,15.046043,0.002881,0.009169,0.004197,472830625515,13.3657,0.0017,-9,-9,12.5372,0.0025,08091645-4907239,13.375,12.748,12.501,0.022,0.026,0.021,AAA,222,0,GES,1.445
5514550167678451200,121.8942109658,0.02,-49.06964267595,0.0228,2.6148,0.0235,-8.578,0.026,4.065,0.026,1.498,14.664598,15.52642,13.731703,0.003221,0.00687,0.005518,472830620181,12.4158,0.001,-9,-9,11.6338,0.0015,08073463-4904107,12.462,11.771,11.603,0.027,0.024,0.021,AAA,222,0,GES,1.322
5514359849089113600,122.30443805353,0.0101,-49.42782375409,0.0102,2.576,0.0111,-8.516,0.015,4.495,0.014,1.013,13.70271,14.198532,13.050039,0.003241,0.006351,0.005783,472830656388,12.213,0.0009,-9,-9,11.6635,0.0015,08091307-4925401,12.24,11.777,11.628,0.022,0.024,0.019,AAA,222,0,GES,1.227
5514343901868484992,122.68968916723,0.0725,-49.52941704485,0.0913,2.4822,0.0892,-8.764,0.099,4.554,0.105,1.078,17.816763,19.504282,16.563375,0.003164,0.032822,0.006757,472830666581,14.6612,0.004,-9,-9,13.8726,0.0073,08104554-4931459,14.714,14.104,13.726,0.033,0.032,0.045,AAA,222,0,GES,1.489
5514349025771421696,122.57491127192,0.011,-49.39729666195,0.0113,2.5828,0.0123,-8.476,0.016,4.461,0.016,1.099,13.762289,14.266052,13.096104,0.003091,0.00581,0.005251,472830653474,12.2385,0.0009,-9,-9,11.647,0.0015,08101799-4923502,12.227,11.776,11.646,0.022,0.022,0.021,AAA,222,0,GES,1.233
5514566209375082368,122.43778344843,0.0085,-48.94186903109,0.0087,2.6181,0.0093,-8.607,0.011,4.415,0.011,0.943,12.273928,12.571225,11.80937,0.002793,0.003143,0.003925,-9,-9.0,-9.0,-9,-9,11.0357,0.001,08094507-4856307,11.284,11.072,10.978,0.022,0.024,0.019,AAA,222,0,GES,1.197
5514362357349925248,122.43976408384,0.0212,-49.293449008,0.0221,2.5692,0.0235,-8.534,0.029,4.453,0.03,1.007,15.513053,16.516903,14.507312,0.00301,0.007537,0.004944,-9,-9.0,-9.0,-9,-9,12.2275,0.0021,08094556-4917364,13.149,12.46,12.245,0.027,0.024,0.024,AAA,222,0,GES,1.351
5514360708082523648,122.37714556738,0.0106,-49.34563664463,0.0115,2.6014,0.0121,-8.266,0.014,4.543,0.015,0.906,10.987936,11.178291,10.656608,0.002766,0.002834,0.003797,472830648586,11.1953,0.0006,-9,-9,10.5891,0.0008,08093053-4920443,10.336,10.149,10.106,0.027,0.026,0.024,AAA,222,0,GES,1.18
5514335861689767296,122.16008350907,0.0536,-49.525092125,0.0593,2.6018,0.0623,-8.839,0.074,4.345,0.077,1.011,17.454693,19.061531,16.233002,0.003283,0.028136,0.005962,472830666184,14.4074,0.0034,-9,-9,13.5539,0.0056,08083843-4931303,14.476,13.872,13.671,0.028,0.026,0.042,AAA,222,0,GES,1.462
5514362975824998272,122.55375471114,0.0105,-49.23595625751,0.0104,2.5626,0.0115,-8.597,0.013,3.84,0.014,0.88,13.47144,13.913514,12.851263,0.003206,0.006141,0.0054,472830637587,12.0971,0.0009,-9,-9,11.6018,0.0014,08101292-4914094,12.057,11.651,11.551,0.026,0.023,0.027,AAA,222,0,GES,1.228
5516065530926421504,122.74750538662,0.0838,-48.85757567958,0.086,2.4735,0.092,-8.335,0.117,4.21,0.123,0.967,17.828888,19.435783,16.59995,0.003125,0.039456,0.007923,472830599079,14.8238,0.0046,-9,-9,14.0066,0.0077,08105940-4851272,14.889,14.248,13.922,0.043,0.038,0.049,AAA,222,0,GES,1.471
5514372424753047168,122.61262745435,0.0102,-49.14687391485,0.0109,2.5531,0.0117,-9.055,0.014,3.807,0.014,1.113,13.018981,13.403998,12.462914,0.003074,0.005366,0.005186,472830628094,11.8889,0.0007,-9,-9,11.3944,0.0012,08102704-4908487,11.793,11.454,11.354,0.023,0.022,0.023,AAA,222,0,GES,1.211
5514346032172200576,122.48493686734,0.0617,-49.54568675962,0.0692,2.5869,0.0739,-8.85,0.088,4.217,0.093,0.959,17.621412,19.240122,16.399551,0.003094,0.023767,0.005333,472830668201,14.5901,0.0038,-9,-9,13.7526,0.0065,08095640-4932446,14.621,13.976,13.756,0.029,0.046,0.05,AAA,222,0,GES,1.46
5514361189118830080,122.48511391937,0.0197,-49.36968752019,0.0206,2.5997,0.0219,-8.377,0.027,4.027,0.029,1.009,15.387989,16.285238,14.441078,0.003863,0.012383,0.00878,-9,-9.0,-9.0,-9,-9,12.2956,0.0022,08095644-4922109,13.206,12.499,12.273,0.026,0.03,0.024,AAA,222,0,GES,1.324
5514561880048056576,122.51578042156,0.05,-49.01863317759,0.0511,2.6066,0.0559,-8.25,0.068,4.545,0.064,5.406,12.335456,12.654358,11.840755,0.003465,0.008275,0.007113,-9,-9.0,-9.0,-9,-9,10.9235,0.0009,08100380-4901071,11.256,10.973,10.89,0.023,0.023,0.023,AAA,222,0,GES,1.205
5514371874997910656,122.53360961258,0.229,-49.20438285809,0.2478,3.3518,0.2662,-9.49,0.283,3.35,0.361,4.536,13.438519,13.790628,12.597905,0.005176,0.006958,0.005707,-9,-9.0,-9.0,-9,-9,11.034,0.001,08100810-4912157,11.584,11.127,10.954,0.026,0.022,0.024,AAA,222,0,GES,1.437
5514362735306830848,122.53716712473,0.0192,-49.26148361066,0.0188,2.5724,0.0212,-8.898,0.025,4.489,0.028,1.001,15.092893,15.90044,14.204946,0.004551,0.016018,0.010405,-9,-9.0,-9.0,-9,-9,12.1941,0.0021,08100893-4915413,12.938,12.32,12.195,0.026,0.027,0.03,AAA,222,0,GES,1.298
5514349025771421696,122.57491127192,0.011,-49.39729666195,0.0113,2.5828,0.0123,-8.476,0.016,4.461,0.016,1.099,13.762289,14.266052,13.096104,0.003091,0.00581,0.005251,-9,-9.0,-9.0,-9,-9,11.647,0.0015,08101799-4923502,12.227,11.776,11.646,0.022,0.022,0.021,AAA,222,0,GES,1.233
5514563636696837248,122.61885598874,0.0088,-48.94771643662,0.0098,2.6195,0.0102,-8.293,0.011,4.464,0.013,0.977,12.570353,12.919354,12.047151,0.002884,0.004754,0.004918,-9,-9.0,-9.0,-9,-9,11.0802,0.0011,08102854-4856518,11.471,11.137,11.047,0.027,0.026,0.023,AAA,222,0,GES,1.207
5514365067468358656,122.27832990963,0.0679,-49.25962970816,0.0726,2.5595,0.0796,-8.498,0.086,4.424,0.092,0.962,17.784143,19.589321,16.513004,0.003032,0.039953,0.00607,472830639912,14.5481,0.0039,-9,-9,13.7458,0.0069,08090679-4915347,14.597,14.025,13.756,0.036,0.03,0.037,AAA,222,0,GES,1.495
5514340568971771008,122.19040054358,0.0109,-49.3964835255,0.0109,2.636,0.0118,-8.31,0.015,4.344,0.014,1.023,10.66365,10.798942,10.381837,0.002763,0.002914,0.003926,472830653618,11.3116,0.0006,-9,-9,10.3955,0.0008,08084571-4923473,10.123,9.985,9.946,0.029,0.026,0.023,AAA,222,0,GES,1.186
5515878132907508096,122.8441892367,0.0826,-48.84904836767,0.0958,2.5405,0.0981,-8.955,0.107,4.058,0.124,1.046,18.026773,19.762087,16.772018,0.003408,0.042943,0.006414,472830598204,14.8747,0.0048,-9,-9,14.0533,0.0079,08112261-4850565,14.982,14.271,13.962,0.039,0.042,0.05,AAA,222,0,GES,1.484
5514355451042340352,122.64919879241,0.0531,-49.33483428976,0.0642,2.6726,0.0654,-8.801,0.072,4.303,0.082,0.973,17.309776,18.858309,16.114546,0.003037,0.019387,0.004738,472830647442,14.362,0.0034,-9,-9,13.5463,0.0059,08103582-4920054,14.436,13.789,13.58,0.03,0.044,0.036,AAA,222,0,GES,1.44
5514371874997910656,122.53360961258,0.229,-49.20438285809,0.2478,3.3518,0.2662,-9.49,0.283,3.35,0.361,4.536,13.438519,13.790628,12.597905,0.005176,0.006958,0.005707,472830634413,11.7457,0.0007,-9,-9,11.034,0.001,08100810-4912157,11.584,11.127,10.954,0.026,0.022,0.024,AAA,222,0,GES,1.437
5514367614389714688,122.65463726151,0.0264,-49.28297933039,0.0322,2.6353,0.0326,-8.433,0.037,4.514,0.041,1.054,15.887156,16.933022,14.872306,0.002923,0.006396,0.00434,-9,-9.0,-9.0,-9,-9,12.6369,0.0029,08103713-4916587,13.497,12.812,12.614,0.026,0.027,0.027,AAA,222,0,GES,1.349
5514368370303946240,122.65881940813,0.0125,-49.2079079325,0.0136,2.5562,0.015,-8.534,0.017,4.434,0.018,1.103,14.098719,14.650011,13.387776,0.003222,0.006358,0.005625,-9,-9.0,-9.0,-9,-9,11.832,0.0016,08103812-4912284,12.528,11.97,11.811,0.023,0.025,0.023,AAA,222,0,GES,1.247
5514563941634975232,122.69237639338,0.1325,-48.91702568919,0.1426,3.2969,0.1529,-9.124,0.164,4.173,0.18,2.066,17.592043,19.313314,16.28746,0.004077,0.043489,0.006588,-9,-9.0,-9.0,-9,-9,13.551,0.0057,08104618-4855013,14.385,13.806,13.557,0.033,0.039,0.039,AAA,222,0,GES,1.548
5514356206956587904,122.69966455758,0.0287,-49.28552880164,0.0339,2.612,0.0342,-8.86,0.038,3.987,0.039,1.011,16.105515,17.23604,15.048802,0.003066,0.007223,0.00536,-9,-9.0,-9.0,-9,-9,12.7372,0.0032,08104793-4917078,13.622,12.927,12.702,0.028,0.022,0.023,AAA,222,0,GES,1.37
5514375036093054336,122.75579374868,0.009,-49.0024518727,0.0115,2.5721,0.0109,-8.465,0.012,3.951,0.015,0.869,13.286761,13.714092,12.697886,0.003162,0.006349,0.005421,-9,-9.0,-9.0,-9,-9,11.5251,0.0013,08110139-4900088,12.016,11.642,11.511,0.024,0.026,0.019,AAA,222,0,GES,1.213
5514554771884454272,122.31902392006,0.018,-49.15860645358,0.0196,2.5942,0.0216,-8.592,0.024,4.395,0.025,1.003,15.271084,16.171947,14.329582,0.002852,0.004664,0.004395,472830629249,13.0567,0.0014,-9,-9,12.2422,0.0021,08091657-4909309,13.189,12.462,12.314,0.023,0.027,0.023,AAA,222,0,GES,1.318
5514532025736771712,121.94202293405,0.0237,-49.25956494731,0.024,2.5399,0.0257,-8.739,0.031,4.62,0.031,0.923,15.687351,16.653454,14.686912,0.003254,0.010467,0.006185,472830640084,13.3185,0.0018,-9,-9,12.5015,0.0025,08074609-4915345,13.312,12.61,12.497,0.037,0.035,0.036,AAA,222,0,GES,1.356
5514364865610742784,122.3447913252,0.0094,-49.27523524586,0.0104,2.5929,0.0115,-8.728,0.012,4.486,0.014,1.079,13.474805,13.922482,12.851502,0.003213,0.006869,0.006261,472830641490,12.1106,0.0009,-9,-9,11.572,0.0014,08092276-4916309,12.044,11.609,11.53,0.029,0.026,0.023,AAA,222,0,GES,1.228
5514563941634975232,122.69237639338,0.1325,-48.91702568919,0.1426,3.2969,0.1529,-9.124,0.164,4.173,0.18,2.066,17.592043,19.313314,16.28746,0.004077,0.043489,0.006588,472830605057,14.3706,0.0034,-9,-9,13.551,0.0057,08104618-4855013,14.385,13.806,13.557,0.033,0.039,0.039,AAA,222,0,GES,1.548
5514348098058500736,122.57664993908,0.0929,-49.44198106656,0.1096,2.5221,0.1109,-8.897,0.133,4.61,0.138,1.539,17.590872,19.40735,16.23677,0.004113,0.038198,0.005373,472830657741,14.2393,0.003,-9,-9,13.4088,0.005,08101841-4926312,14.292,13.635,13.354,0.03,0.033,0.026,AAA,222,0,GES,1.601
5514318926639891200,122.39131856639,0.0813,-49.64589864504,0.0888,2.6544,0.0941,-8.704,0.109,4.463,0.114,0.979,18.079924,19.964855,16.753918,0.003265,0.069345,0.007223,473606904517,14.7276,0.004,-9,-9,13.8917,0.0062,08093393-4938453,14.8,14.245,13.899,0.032,0.036,0.058,AAA,222,0,GES,1.555
5514321087001674752,122.16010066952,0.093,-49.65889422987,0.0949,2.5251,0.1031,-8.748,0.12,4.389,0.125,0.962,18.344774,20.234798,17.066647,0.003211,0.047622,0.006578,473606906092,15.097,0.0052,-9,-9,14.2678,0.0085,08083843-4939320,15.123,14.558,14.313,0.046,0.041,0.061,AAA,222,0,GES,1.493
5514371016003685248,122.7503459624,0.009,-49.11227753912,0.0106,2.5985,0.0106,-8.468,0.012,4.422,0.014,0.964,13.118201,13.496477,12.570085,0.00285,0.003688,0.004742,472830624432,11.9958,0.0008,-9,-9,11.5665,0.0013,08110009-4906442,11.961,11.601,11.514,0.027,0.027,0.023,AAA,222,0,GES,1.209
5514349777384533376,122.61412972062,0.0543,-49.33879230813,0.0658,2.6208,0.0671,-8.15,0.074,4.574,0.085,1.025,17.303802,18.837772,16.107897,0.003054,0.020267,0.006807,472830647810,14.3379,0.0033,-9,-9,13.5333,0.0058,08102741-4920196,14.389,13.772,13.584,0.026,0.033,0.033,AAA,222,0,GES,1.443
5514361189118830080,122.48511391937,0.0197,-49.36968752019,0.0206,2.5997,0.0219,-8.377,0.027,4.027,0.029,1.009,15.387989,16.285238,14.441078,0.003863,0.012383,0.00878,472830650844,13.1192,0.0015,-9,-9,12.2956,0.0022,08095644-4922109,13.206,12.499,12.273,0.026,0.03,0.024,AAA,222,0,GES,1.324
5514364315854935552,122.28001784916,0.0198,-49.3206727886,0.0202,2.4799,0.0221,-8.297,0.026,4.201,0.027,1.575,14.553428,15.188723,13.732183,0.003351,0.007528,0.00649,472830646109,12.6217,0.0011,-9,-9,11.9338,0.0018,08090720-4919144,12.702,12.124,11.956,0.026,0.024,0.024,AAA,222,0,GES,1.301
5514366446158703872,122.36113260786,0.0094,-49.2436395746,0.0102,2.6099,0.0111,-8.518,0.013,4.163,0.013,0.882,10.86406,11.017932,10.587214,0.002761,0.002815,0.003789,472830638501,11.1725,0.0006,-9,-9,10.5959,0.0008,08092668-4914371,10.273,10.19,10.138,0.026,0.026,0.023,AAA,222,0,GES,1.173
5514358642197491072,122.87149880474,0.0828,-49.12302759837,0.0973,2.6257,0.0996,-8.804,0.114,4.253,0.114,1.763,17.221226,18.689426,15.891411,0.003643,0.017002,0.006491,472830625631,14.1304,0.0028,-9,-9,13.308,0.0044,08112917-4907229,14.155,13.572,13.294,0.038,0.035,0.038,AAA,222,0,GES,1.62
5514563361818944256,122.65311892502,0.0722,-48.97746797849,0.0776,2.5154,0.0811,-8.818,0.092,4.332,0.1,1.007,17.832092,19.54366,16.589403,0.003095,0.036066,0.007179,472830610918,14.7151,0.0043,-9,-9,13.8927,0.0076,08103676-4858389,14.702,14.178,13.856,0.038,0.035,0.06,AAA,222,0,GES,1.472
5514362735306830848,122.53716712473,0.0192,-49.26148361066,0.0188,2.5724,0.0212,-8.898,0.025,4.489,0.028,1.001,15.092893,15.90044,14.204946,0.004551,0.016018,0.010405,472830640207,12.9752,0.0014,-9,-9,12.1941,0.0021,08100893-4915413,12.938,12.32,12.195,0.026,0.027,0.03,AAA,222,0,GES,1.298
5514359883448845696,122.32136367671,0.0444,-49.42436900224,0.0444,2.7179,0.0509,-8.014,0.064,4.082,0.058,1.059,16.87055,18.32168,15.697833,0.003351,0.01505,0.007075,472830656215,14.0068,0.0026,-9,-9,13.1553,0.0041,08091713-4925277,14.075,13.383,13.147,0.032,0.032,0.03,AAA,222,0,GES,1.43
5514530887564150528,121.96462372217,0.1158,-49.31924603709,0.1187,2.5519,0.1272,-7.93,0.153,4.098,0.152,1.983,17.426947,19.021425,16.159971,0.003438,0.019273,0.005929,472830646046,14.3113,0.0036,-9,-9,13.4892,0.0052,08075151-4919093,14.377,13.683,13.561,0.03,0.027,0.036,AAA,222,0,GES,1.519
5514554874963671040,122.34553318169,0.0089,-49.13262647369,0.0094,2.5837,0.0104,-8.089,0.012,4.22,0.011,0.99,12.095979,12.37478,11.651197,0.002781,0.003134,0.003887,472830626578,11.3594,0.0006,-9,-9,10.9398,0.0009,08092293-4907575,11.124,10.945,10.883,0.023,0.024,0.024,AAA,222,0,GES,1.195
5514356206956587904,122.69966455758,0.0287,-49.28552880164,0.0339,2.612,0.0342,-8.86,0.038,3.987,0.039,1.011,16.105515,17.23604,15.048802,0.003066,0.007223,0.00536,472830642435,13.5645,0.002,-9,-9,12.7372,0.0032,08104793-4917078,13.622,12.927,12.702,0.028,0.022,0.023,AAA,222,0,GES,1.37
5514374005300862336,122.57670189239,0.0229,-49.03735143347,0.0263,2.5285,0.0264,-8.149,0.03,4.411,0.031,1.042,15.615149,16.756453,14.541475,0.003106,0.009477,0.005197,472830617232,12.9971,0.0014,-9,-9,12.1819,0.002,08101842-4902145,12.995,12.299,12.074,0.023,0.024,0.023,AAA,222,0,GES,1.385
5514358852656676352,122.39968091483,0.2992,-49.45531164735,0.3064,2.0053,0.3335,-10.173,0.435,3.778,0.429,19.384,14.793923,15.680105,13.730746,0.004414,0.007776,0.005441,472830659197,12.343,0.001,-9,-9,11.5377,0.0013,08093593-4927191,12.403,11.716,11.49,0.027,0.026,0.023,AAA,222,0,GES,1.441
5514573601020715136,122.16932231926,0.0905,-48.89378897365,0.096,2.6731,0.105,-8.412,0.126,4.643,0.121,1.027,18.036991,19.609772,16.738646,0.003215,0.051626,0.007994,472830602813,14.8643,0.005,-9,-9,14.074,0.0084,08084064-4853377,14.897,14.358,14.006,0.045,0.044,0.055,AAA,222,0,GES,1.562
5514368988779218048,122.59654450395,0.0229,-49.20237510108,0.0245,2.5482,0.026,-8.272,0.029,3.994,0.033,1.133,15.546644,16.50136,14.569189,0.003624,0.011277,0.00786,472830633937,13.2328,0.0016,-9,-9,12.3991,0.0023,08102318-4912086,13.24,12.526,12.4,0.022,0.023,0.024,AAA,222,0,GES,1.337
5514375036093054336,122.75579374868,0.009,-49.0024518727,0.0115,2.5721,0.0109,-8.465,0.012,3.951,0.015,0.869,13.286761,13.714092,12.697886,0.003162,0.006349,0.005421,472830613407,11.9996,0.0009,-9,-9,11.5251,0.0013,08110139-4900088,12.016,11.642,11.511,0.024,0.026,0.019,AAA,222,0,GES,1.213
5514563636696837248,122.61885598874,0.0088,-48.94771643662,0.0098,2.6195,0.0102,-8.293,0.011,4.464,0.013,0.977,12.570353,12.919354,12.047151,0.002884,0.004754,0.004918,472830608122,11.6077,0.0007,-9,-9,11.0802,0.0011,08102854-4856518,11.471,11.137,11.047,0.027,0.026,0.023,AAA,222,0,GES,1.207
5514568996815920000,122.49102370565,0.0106,-48.82171917631,0.011,2.5945,0.0121,-8.538,0.014,4.587,0.014,0.997,13.609023,14.076689,12.974413,0.003141,0.005805,0.005404,472830595261,12.2028,0.0009,-9,-9,11.6479,0.0014,08095786-4849182,12.214,11.718,11.661,0.024,0.023,0.023,AAA,222,0,GES,1.227
5514359849089113600,122.30443805353,0.0101,-49.42782375409,0.0102,2.576,0.0111,-8.516,0.015,4.495,0.014,1.013,13.70271,14.198532,13.050039,0.003241,0.006351,0.005783,-9,-9.0,-9.0,-9,-9,11.6635,0.0015,08091307-4925401,12.24,11.777,11.628,0.022,0.024,0.019,AAA,222,0,GES,1.227
5514572737728230272,122.28542610771,0.07,-48.92519141519,0.0718,2.6738,0.0798,-8.588,0.093,3.735,0.09,1.083,17.620224,19.365356,16.336117,0.003148,0.03739,0.006357,472830606016,14.3909,0.0034,-9,-9,13.584,0.0059,08090851-4855307,14.433,13.851,13.533,0.035,0.035,0.061,AAA,222,0,GES,1.519
5514363005880904832,122.52525112299,0.0137,-49.23833687069,0.0155,2.6025,0.016,-8.354,0.018,4.44,0.021,0.962,9.856232,9.889191,9.779299,0.002767,0.002853,0.003795,472830638020,11.2304,0.0006,-9,-9,10.3525,0.0007,08100607-4914180,9.694,9.675,9.66,0.026,0.022,0.023,AAA,222,0,GES,1.155
5516067356286460288,122.8848956837,0.0399,-48.80028253016,0.047,2.6055,0.0468,-8.695,0.052,4.1,0.059,0.955,16.768616,18.097252,15.628954,0.002952,0.010971,0.004855,472830592995,14.0324,0.0026,-9,-9,13.1747,0.0041,08113238-4848010,14.128,13.425,13.197,0.035,0.032,0.042,AAA,222,0,GES,1.416
5514367614389714688,122.65463726151,0.0264,-49.28297933039,0.0322,2.6353,0.0326,-8.433,0.037,4.514,0.041,1.054,15.887156,16.933022,14.872306,0.002923,0.006396,0.00434,472830642195,13.4869,0.0019,-9,-9,12.6369,0.0029,08103713-4916587,13.497,12.812,12.614,0.026,0.027,0.027,AAA,222,0,GES,1.349
5514561849990432128,122.53904079173,0.15,-49.01570316366,0.1694,2.0978,0.1687,-9.51,0.2,5.161,0.211,19.76,12.338863,12.753427,11.725644,0.002971,0.004797,0.004839,472830614709,11.3341,0.0006,-9,-9,10.6655,0.0008,08100938-4900565,11.024,10.61,10.433,0.027,0.026,0.023,AAA,222,0,GES,1.236
5514364865610742784,122.3447913252,0.0094,-49.27523524586,0.0104,2.5929,0.0115,-8.728,0.012,4.486,0.014,1.079,13.474805,13.922482,12.851502,0.003213,0.006869,0.006261,-9,-9.0,-9.0,-9,-9,11.572,0.0014,08092276-4916309,12.044,11.609,11.53,0.029,0.026,0.023,AAA,222,0,GES,1.228
5514554874963671040,122.34553318169,0.0089,-49.13262647369,0.0094,2.5837,0.0104,-8.089,0.012,4.22,0.011,0.99,12.095979,12.37478,11.651197,0.002781,0.003134,0.003887,-9,-9.0,-9.0,-9,-9,10.9398,0.0009,08092293-4907575,11.124,10.945,10.883,0.023,0.024,0.024,AAA,222,0,GES,1.195
5514555940115551616,122.33877881527,0.0524,-49.09529273147,0.056,2.8624,0.0617,-8.62,0.069,4.396,0.071,1.885,16.054928,17.165237,14.957468,0.003322,0.006775,0.004823,472830622618,13.4856,0.0019,-9,-9,12.6391,0.0027,08092131-4905431,13.485,12.882,12.661,0.028,0.036,0.033,AAA,222,0,GES,1.417
5514529169577208192,122.02682102071,0.0546,-49.3426580132,0.0568,2.5435,0.0619,-8.269,0.075,4.263,0.071,1.03,17.342957,18.880457,16.149837,0.003685,0.024405,0.007109,472830648280,14.4001,0.0038,-9,-9,13.5303,0.0054,08080644-4920336,14.473,13.814,13.561,0.032,0.036,0.033,AAA,222,0,GES,1.439
5514359608570896512,122.42005442202,0.0091,-49.39730360641,0.0096,2.5796,0.0101,-9.09,0.014,4.211,0.014,1.01,13.232751,13.638968,12.649302,0.003024,0.004965,0.005616,472830653501,11.9491,0.0008,-9,-9,11.4366,0.0013,08094083-4923503,11.936,11.518,11.47,0.027,0.024,0.023,AAA,222,0,GES,1.219
5514356206956584832,122.7001617843,0.0773,-49.27485212484,0.0912,2.6108,0.0931,-8.298,0.107,4.166,0.112,1.008,17.889933,19.534344,16.647753,0.003181,0.052777,0.007353,472830641402,14.7573,0.0046,-9,-9,13.9992,0.0085,08104805-4916295,14.825,14.3,13.909,0.049,0.062,0.05,AAA,222,0,GES,1.481
5514564495690275840,122.58273871156,0.0298,-48.9333261729,0.0317,2.6146,0.033,-8.343,0.037,4.208,0.04,2.301,14.344535,15.00484,13.552253,0.002935,0.004805,0.00536,472830606673,12.4881,0.0011,-9,-9,11.8,0.0016,08101987-4856000,12.483,11.904,11.726,0.027,0.026,0.019,AAA,222,0,GES,1.268
5514555420417741952,122.40481638355,0.0677,-49.09985072145,0.0718,2.5475,0.0797,-8.296,0.09,4.457,0.085,0.978,17.836628,19.468805,16.587585,0.003097,0.037625,0.006851,472830623036,14.7754,0.0045,-9,-9,13.9778,0.0074,08093716-4905595,14.767,14.217,13.935,0.04,0.043,0.054,AAA,222,0,GES,1.491
5514573257423361920,122.1982699136,0.0422,-48.92234876485,0.0431,2.5496,0.047,-8.443,0.058,4.539,0.053,0.994,16.752272,18.147066,15.588301,0.003559,0.012785,0.006475,472830605598,13.9214,0.0025,-9,-9,13.1124,0.0041,08084759-4855204,13.972,13.285,13.104,0.029,0.024,0.026,AAA,222,0,GES,1.43
5514356065213759232,122.7597061178,0.0108,-49.2735736146,0.0145,2.6108,0.0133,-8.632,0.014,4.692,0.018,1.069,12.865888,13.230539,12.329172,0.002999,0.004931,0.004537,472830641404,11.7151,0.0007,-9,-9,11.2923,0.0012,08110234-4916249,11.723,11.377,11.277,0.023,0.022,0.019,AAA,222,0,GES,1.208
5514375242251459072,122.62499022047,0.5611,-49.05604253242,0.5614,1.6373,0.611,-9.26,0.721,4.325,0.718,9.363,17.63435,19.12063,16.171099,0.009943,0.031323,0.006355,472830618602,14.3841,0.0033,-9,-9,13.5411,0.0055,08103001-4903218,14.36,13.775,13.527,0.033,0.027,0.042,AAA,222,0,GES,1.804
5514342630557950976,122.49470989072,0.0665,-49.57958264303,0.0753,2.7448,0.0793,-9.042,0.09,4.322,0.104,1.05,17.723,19.397419,16.48052,0.002968,0.023274,0.005075,472830671619,14.6259,0.004,-9,-9,13.784,0.0067,08095873-4934465,14.697,14.022,13.703,0.037,0.036,0.041,AAA,222,0,GES,1.477
5514359608570896512,122.42005442202,0.0091,-49.39730360641,0.0096,2.5796,0.0101,-9.09,0.014,4.211,0.014,1.01,13.232751,13.638968,12.649302,0.003024,0.004965,0.005616,-9,-9.0,-9.0,-9,-9,11.4366,0.0013,08094083-4923503,11.936,11.518,11.47,0.027,0.024,0.023,AAA,222,0,GES,1.219
5514559238650415744,122.29270065233,0.0237,-49.04026691174,0.0242,2.632,0.0264,-8.281,0.032,4.5,0.03,1.227,15.331314,16.339302,14.323154,0.003084,0.005908,0.004936,472830617036,12.9158,0.0013,-9,-9,12.0667,0.002,08091025-4902250,12.948,12.238,12.133,0.023,0.024,0.024,AAA,222,0,GES,1.352
5514369469816239232,122.61345485775,0.0549,-49.16412556383,0.0548,2.5203,0.0606,-8.897,0.068,4.803,0.073,1.6,7.898647,7.849692,7.950075,0.002815,0.002995,0.003842,472830631146,13.1586,0.0015,-9,-9,11.7608,0.0016,08102725-4909509,8.04,8.065,8.06,0.035,0.067,0.026,AAA,111,0,GES,1.16
5514357061649338752,122.91086746981,0.0738,-49.23981950614,0.0873,2.519,0.0872,-8.249,0.101,4.517,0.117,1.052,17.803862,19.430079,16.572174,0.003099,0.027107,0.005727,472830637970,14.7725,0.0046,-9,-9,13.9614,0.0077,08113861-4914234,14.805,14.235,13.873,0.041,0.033,0.053,AAA,222,0,GES,1.471
5514345211840457984,122.65552204365,0.0428,-49.46954672123,0.0524,2.6741,0.0522,-8.516,0.058,4.472,0.06,0.983,16.941792,18.408144,15.755573,0.004006,0.018212,0.008434,472830660565,14.0449,0.0026,-9,-9,13.2155,0.0044,08103735-4928104,14.075,13.371,13.158,0.024,0.027,0.029,AAA,222,0,GES,1.443
5514562812063090304,122.54332289774,0.0938,-48.96809778918,0.1009,2.5595,0.1049,-8.647,0.116,4.416,0.122,0.993,18.216856,20.034494,16.968004,0.003087,0.064181,0.008138,472830609961,15.0495,0.0057,-9,-9,14.2489,0.0096,08101041-4858052,15.105,14.531,14.263,0.048,0.049,0.072,AAA,222,0,GES,1.466
5514534156040490240,122.02807434432,0.0634,-49.17586630893,0.0756,2.4724,0.0796,-8.469,0.082,4.095,0.085,1.059,17.43864,19.079185,16.085936,0.003025,0.046529,0.012128,472830631102,14.1762,0.0029,-9,-9,13.3575,0.0046,08080675-4910331,14.245,13.597,13.36,0.043,0.035,0.037,AAA,222,0,GES,1.623
5514368434722800896,122.70124199137,0.0675,-49.20811974065,0.0748,2.5834,0.0794,-8.659,0.092,4.104,0.095,1.028,17.631163,19.383488,16.389585,0.003093,0.032335,0.006275,472830634599,14.5612,0.0037,-9,-9,13.7655,0.0065,08104831-4912292,14.633,14.025,13.753,0.035,0.041,0.053,AAA,222,0,GES,1.465
5514568447060149760,122.58333097186,0.048,-48.83082941559,0.0539,2.6838,0.0546,-8.675,0.061,4.139,0.068,1.053,16.986254,18.657906,15.725056,0.002979,0.032587,0.005812,472830596198,13.836,0.0023,-9,-9,13.0106,0.0036,08102002-4849510,13.924,13.297,12.95,0.032,0.023,0.03,AAA,222,0,GES,1.5
5514566209375082368,122.43778344843,0.0085,-48.94186903109,0.0087,2.6181,0.0093,-8.607,0.011,4.415,0.011,0.943,12.273928,12.571225,11.80937,0.002793,0.003143,0.003925,472830607508,11.3514,0.0006,-9,-9,11.0357,0.001,08094507-4856307,11.284,11.072,10.978,0.022,0.024,0.019,AAA,222,0,GES,1.197
5514562365386452096,122.40599696676,0.0366,-49.03409259294,0.0382,2.611,0.042,-8.656,0.049,4.066,0.046,1.009,16.685713,17.99483,15.546634,0.003054,0.022903,0.004689,472830616375,13.9406,0.0027,-9,-9,13.072,0.0037,08093744-4902027,13.998,13.325,13.107,0.024,0.03,0.034,AAA,222,0,GES,1.419
5514336480165371264,122.22755905181,0.0694,-49.45090795674,0.072,2.2951,0.0785,-8.392,0.099,3.981,0.093,1.005,17.836315,19.508873,16.527067,0.003008,0.032695,0.006938,472830658679,14.6002,0.0039,-9,-9,13.7874,0.0069,08085463-4927033,14.635,14.043,13.779,0.029,0.033,0.041,AAA,222,0,GES,1.561
5514369229297396736,122.64823790178,0.0148,-49.17440529695,0.0177,2.5814,0.0176,-8.297,0.019,4.366,0.021,0.994,14.686362,15.379144,13.852823,0.003919,0.01075,0.01087,472830630904,12.8318,0.0012,-9,-9,12.0893,0.0019,08103559-4910278,12.807,12.149,12.043,0.029,0.023,0.03,AAA,222,0,GES,1.29
5514375066152563712,122.77065146972,0.0511,-48.99622185709,0.0616,2.5827,0.0608,-8.491,0.067,4.122,0.079,1.09,17.043098,18.494825,15.865444,0.003129,0.02026,0.007199,472830612747,14.192,0.0032,-9,-9,13.3363,0.0045,08110496-4859465,14.209,13.574,13.286,0.027,0.03,0.03,AAA,222,0,GES,1.436
5514369401096082688,122.62862694657,0.034,-49.17896602134,0.0358,2.6138,0.0384,-8.63,0.043,4.442,0.047,1.05,16.443132,17.7015,15.330868,0.003192,0.012685,0.005188,472830631361,13.7715,0.0022,-9,-9,12.9167,0.0034,08103088-4910443,13.774,13.084,12.896,0.024,0.023,0.033,AAA,222,0,GES,1.4
5514567858643715968,122.50261024116,0.0509,-48.89422186928,0.0522,2.6194,0.0572,-8.373,0.068,4.744,0.063,1.03,17.145296,18.683868,15.948113,0.003019,0.023368,0.004876,472830602792,14.2071,0.0031,-9,-9,13.3881,0.0048,08100063-4853392,14.22,13.63,13.363,0.024,0.035,0.038,AAA,222,0,GES,1.444
5514335522393565696,122.29503596294,0.0297,-49.48797127261,0.0318,2.6163,0.0338,-8.351,0.043,4.725,0.044,0.993,16.298674,17.51392,15.2061,0.003337,0.01187,0.005816,472830662477,13.6554,0.002,-9,-9,12.7947,0.0032,08091082-4929167,13.744,13.026,12.83,0.026,0.026,0.03,AAA,222,0,GES,1.388
5514563739776067072,122.67632668004,0.0132,-48.95700908629,0.0134,2.5869,0.0149,-8.232,0.017,4.367,0.019,0.883,9.729744,9.768017,9.641383,0.002775,0.002817,0.003792,472830609137,11.5617,0.0007,-9,-9,10.8984,0.001,08104233-4857253,9.528,9.506,9.468,0.026,0.027,0.021,AAA,222,0,GES,1.157
5515871845074265088,122.91643260935,0.1299,-49.05713521139,0.1435,2.5077,0.1565,-8.925,0.182,3.769,0.212,1.077,18.487356,20.37017,17.206816,0.003494,0.077989,0.009284,472830618766,15.2611,0.0065,-9,-9,14.409,0.0111,08113996-4903256,15.27,14.656,14.425,0.055,0.065,0.072,AAA,222,0,GES,1.497
5514368370303946240,122.65881940813,0.0125,-49.2079079325,0.0136,2.5562,0.015,-8.534,0.017,4.434,0.018,1.103,14.098719,14.650011,13.387776,0.003222,0.006358,0.005625,472830634601,12.4374,0.001,-9,-9,11.832,0.0016,08103812-4912284,12.528,11.97,11.811,0.023,0.025,0.023,AAA,222,0,GES,1.247
5514368915760088448,122.55088082879,0.0087,-49.21821740765,0.0093,2.6183,0.0103,-9.121,0.011,4.644,0.012,0.985,12.385426,12.695446,11.906074,0.002819,0.003492,0.004147,472830635793,11.5577,0.0006,-9,-9,11.0601,0.001,08101223-4913056,11.383,11.108,11.067,0.024,0.022,0.023,AAA,222,0,GES,1.2
5514534460977212032,122.04848378276,0.0692,-49.15455937094,0.0859,2.6847,0.0853,-8.638,0.091,4.071,0.112,1.002,17.804264,19.413977,16.559654,0.003217,0.051412,0.009856,472830628837,14.7058,0.0042,-9,-9,13.9053,0.0073,08081164-4909164,14.826,14.113,14.066,0.039,0.032,0.058,AAA,222,0,GES,1.489
5514356310035796992,122.70145102939,0.0497,-49.25692700253,0.0596,2.6356,0.0604,-8.4,0.064,4.546,0.069,1.115,17.083717,18.57793,15.899461,0.003114,0.020566,0.005989,472830639642,14.1764,0.003,-9,-9,13.3745,0.0051,08104835-4915249,14.285,13.603,13.367,0.035,0.036,0.037,AAA,222,0,GES,1.436
5514568408399760768,122.5833462992,0.0643,-48.83791834478,0.0678,2.6149,0.0717,-8.527,0.082,4.342,0.083,0.985,17.595264,19.181087,16.3773,0.00302,0.028365,0.005932,472830596920,14.5784,0.0038,-9,-9,13.7635,0.0064,08102002-4850165,14.606,14.01,13.674,0.033,0.027,0.04,AAA,222,0,GES,1.461
5514362357349925248,122.43976408384,0.0212,-49.293449008,0.0221,2.5692,0.0235,-8.534,0.029,4.453,0.03,1.007,15.513053,16.516903,14.507312,0.00301,0.007537,0.004944,472830643232,13.0927,0.0016,-9,-9,12.2275,0.0021,08094556-4917364,13.149,12.46,12.245,0.027,0.024,0.024,AAA,222,0,GES,1.351
5514347032906681728,122.41350706846,0.0427,-49.48039431245,0.0469,2.5543,0.0498,-8.493,0.061,4.31,0.062,1.062,16.891142,18.30849,15.720071,0.00302,0.014631,0.00534,472830661660,14.0178,0.0026,-9,-9,13.1912,0.0041,08093925-4928494,14.082,13.373,13.19,0.029,0.027,0.034,AAA,222,0,GES,1.434
5514553878531244160,122.23987752147,0.0502,-49.19058571935,0.0525,2.5582,0.0582,-8.297,0.064,4.466,0.067,1.062,17.218348,18.675184,16.042622,0.002934,0.015686,0.005198,472830632701,14.3568,0.0032,-9,-9,13.5271,0.0054,08085758-4911261,14.421,13.836,13.42,0.038,0.037,0.036,AAA,222,0,GES,1.433
5515877621811573376,122.78006889944,0.041,-48.88503533797,0.0502,2.5087,0.0502,-8.693,0.053,4.307,0.066,1.496,16.099592,17.50122,14.914086,0.00309,0.008486,0.004624,472830601935,13.2825,0.0018,-9,-9,12.4156,0.0023,08110722-4853061,13.268,12.596,12.313,0.022,0.022,0.021,AAA,222,0,GES,1.454
5514349506807731200,122.63270831325,0.0155,-49.35823844867,0.0191,2.5759,0.0195,-8.471,0.02,4.14,0.025,0.999,14.576824,15.328319,13.725232,0.002866,0.004454,0.00425,472830649746,12.5437,0.0011,-9,-9,11.7846,0.0017,08103186-4921296,12.613,11.985,11.819,0.023,0.022,0.021,AAA,222,0,GES,1.285
5514362838386039936,122.50742346715,0.0377,-49.26260227546,0.041,2.5594,0.045,-8.569,0.049,3.885,0.052,1.031,16.489378,17.777542,15.362931,0.002968,0.01037,0.005585,472830640165,13.7803,0.0023,-9,-9,12.9229,0.0034,08100180-4915454,13.885,13.154,12.986,0.024,0.026,0.033,AAA,222,0,GES,1.409
5514552774717599232,122.29627377339,0.1011,-49.2384222759,0.107,2.2787,0.1155,-8.382,0.124,4.237,0.145,2.227,17.100569,18.60455,15.76428,0.005102,0.015941,0.004936,472830637788,13.954,0.0025,-9,-9,13.1497,0.0042,08091111-4914183,14.054,13.425,13.177,0.027,0.023,0.032,AAA,222,0,GES,1.623
5514375036093789440,122.76341378649,0.0164,-49.01038339073,0.02,2.6046,0.0194,-8.683,0.023,4.052,0.027,0.868,10.83682,10.987709,10.565408,0.002779,0.002849,0.003807,472830614235,11.2477,0.0006,-9,-9,10.6811,0.0008,08110323-4900374,10.326,10.174,10.146,0.026,0.023,0.019,AAA,222,0,GES,1.172
5514352530464639872,122.91848490123,0.0277,-49.33650478603,0.0347,2.5457,0.0335,-8.813,0.036,4.083,0.039,0.992,15.997763,17.072208,14.959515,0.003029,0.010381,0.005361,472830647673,13.5069,0.0019,-9,-9,12.6613,0.0028,08114045-4920115,13.576,12.902,12.661,0.027,0.029,0.03,AAA,222,0,GES,1.365
5514345005682029184,122.66367484065,0.0444,-49.48461010473,0.0521,2.5302,0.0533,-8.981,0.061,4.411,0.064,3.007,15.123507,16.143707,14.093169,0.002933,0.004983,0.004209,472830662083,12.6379,0.0011,-9,-9,11.7796,0.0016,08103930-4929046,12.67,11.964,11.784,0.023,0.023,0.023,AAA,222,0,GES,1.371
5514361910673123840,122.55722261167,0.0398,-49.28645241765,0.0429,2.5238,0.0464,-8.399,0.052,4.462,0.057,1.041,16.71931,18.043991,15.569568,0.003238,0.015107,0.006902,472830642520,13.9196,0.0025,-9,-9,13.085,0.0039,08101374-4917112,14.005,13.349,13.163,0.026,0.031,0.027,AAA,222,0,GES,1.428
5514555665237649408,122.35154193181,0.0328,-49.10784567411,0.0341,2.5066,0.0384,-8.827,0.044,4.578,0.041,1.088,16.389187,17.657724,15.267492,0.002885,0.007869,0.004398,472830623919,13.7178,0.0021,-9,-9,12.8767,0.0032,08092437-4906282,13.667,13.071,12.791,0.024,0.03,0.029,AAA,222,0,GES,1.408
5514534293479431296,122.06059713728,0.0433,-49.15906978154,0.0464,2.5915,0.0506,-8.75,0.057,4.155,0.057,1.017,16.913374,18.360975,15.735456,0.003068,0.013808,0.005052,472830629345,14.031,0.0026,-9,-9,13.2122,0.0042,08081455-4909326,14.063,13.354,13.092,0.029,0.029,0.033,AAA,222,0,GES,1.437
5514362391709653248,122.47203359467,0.0317,-49.30366323846,0.0339,2.5706,0.0359,-8.326,0.042,3.935,0.046,0.936,16.26824,17.46111,15.186504,0.002882,0.009303,0.004892,472830644318,13.6534,0.0021,-9,-9,12.805,0.0032,08095330-4918132,13.739,13.03,12.849,0.029,0.027,0.033,AAA,222,0,GES,1.382
5514368469079296256,122.70765073518,0.0116,-49.19049462234,0.0146,2.5831,0.0141,-8.232,0.015,5.076,0.019,1.024,11.681998,11.940179,11.258099,0.002764,0.002866,0.003832,472830632810,11.4525,0.0006,-9,-9,10.737,0.0009,08104984-4911258,10.753,10.494,10.444,0.027,0.024,0.023,AAA,222,0,GES,1.194
5514374005300863872,122.58451681232,0.0448,-49.04036795246,0.0457,2.5873,0.0491,-8.95,0.058,4.049,0.056,1.033,16.915558,18.418201,15.728215,0.002913,0.027902,0.005022,472830617007,14.0007,0.0027,-9,-9,13.1855,0.0041,08102029-4902254,14.044,13.391,13.104,0.027,0.033,0.036,AAA,222,0,GES,1.438
5514555115481858432,122.44512582961,0.0077,-49.12216924159,0.0084,2.5949,0.0091,-8.37,0.01,4.546,0.011,0.927,12.559595,12.897554,12.052571,0.00288,0.004359,0.00434,472830625443,11.5477,0.0006,-9,-9,11.1441,0.001,08094684-4907198,11.44,11.156,11.094,0.022,0.024,0.019,AAA,222,0,GES,1.203
5514567102729439872,122.41430775033,0.0977,-48.90306067347,0.098,2.6033,0.1072,-8.284,0.131,4.544,0.119,1.065,18.12687,20.206749,16.785799,0.003309,0.065119,0.006625,472830603663,14.6944,0.0046,-9,-9,13.8926,0.007,08093943-4854110,14.72,14.151,13.818,0.038,0.037,0.044,AAA,222,0,GES,1.554
5514560097643858432,122.24077040112,0.0358,-49.02139607787,0.0387,2.5231,0.0418,-8.448,0.048,4.098,0.047,0.999,16.531893,17.819382,15.41738,0.002895,0.008962,0.004406,472830615155,13.8711,0.0024,-9,-9,13.0215,0.0038,08085779-4901170,13.91,13.255,13.001,0.026,0.023,0.032,AAA,222,0,GES,1.396
5514358058081825920,122.78883454495,0.0747,-49.19815211896,0.0923,2.5886,0.088,-8.46,0.098,4.313,0.113,1.03,17.757626,19.493097,16.503576,0.00322,0.032014,0.006699,472830633473,14.6278,0.004,-9,-9,13.826,0.0065,08110933-4911533,14.753,14.039,13.805,0.029,0.037,0.046,AAA,222,0,GES,1.483
5514348750893488000,122.641470783,0.0516,-49.37182370375,0.0606,2.5123,0.0637,-8.823,0.066,4.457,0.075,1.042,17.043133,18.473045,15.882467,0.002977,0.014028,0.005137,472830651010,14.2341,0.0031,-9,-9,13.3968,0.0052,08103397-4922186,14.265,13.643,13.382,0.028,0.029,0.044,AAA,222,0,GES,1.42
5514561880048056576,122.51578042156,0.05,-49.01863317759,0.0511,2.6066,0.0559,-8.25,0.068,4.545,0.064,5.406,12.335456,12.654358,11.840755,0.003465,0.008275,0.007113,472830614949,11.4325,0.0006,-9,-9,10.9235,0.0009,08100380-4901071,11.256,10.973,10.89,0.023,0.023,0.023,AAA,222,0,GES,1.205
5514553255754054656,122.30025854633,0.0826,-49.17090663878,0.088,2.6298,0.0982,-8.37,0.112,4.144,0.11,0.991,18.122387,19.912556,16.894936,0.003135,0.047447,0.008121,472830630475,15.0555,0.0054,-9,-9,14.2739,0.01,08091206-4910152,15.067,14.533,14.232,0.042,0.04,0.066,AAA,222,0,GES,1.443
5514374864294370560,122.78578175843,0.0448,-49.00445994034,0.0571,2.4753,0.0536,-9.076,0.06,3.815,0.073,3.169,9.903079,9.950688,9.792884,0.002781,0.002827,0.003814,472830613773,11.4023,0.0006,-9,-9,10.5782,0.0008,08110860-4900161,9.653,9.599,9.572,0.026,0.026,0.019,AAA,222,0,GES,1.16
5514352908421767168,122.95276693274,0.0283,-49.32517524405,0.0399,2.5289,0.0364,-8.53,0.037,3.789,0.043,1.004,16.178946,17.377716,15.092666,0.003291,0.0096,0.005738,472830646568,13.5488,0.002,-9,-9,12.7029,0.0029,08114867-4919306,13.592,12.878,12.633,0.026,0.022,0.024,AAA,222,0,GES,1.385
5514369641614135552,122.67112449622,0.2768,-49.13124645624,0.2972,2.4558,0.3125,-9.126,0.368,4.345,0.392,5.484,17.063057,18.64501,15.71235,0.005511,0.017302,0.005251,472830626294,13.8706,0.0023,-9,-9,13.0399,0.0037,08104108-4907525,13.915,13.265,13.06,0.03,0.029,0.029,AAA,222,0,GES,1.629
5514347788820872704,122.55954542958,0.0373,-49.47409603381,0.0432,2.6321,0.0442,-8.659,0.051,4.279,0.053,1.016,16.735744,18.130339,15.581265,0.002959,0.014805,0.004835,472830661039,13.913,0.0024,-9,-9,13.0699,0.0038,08101431-4928268,13.941,13.257,13.056,0.028,0.026,0.029,AAA,222,0,GES,1.42
5514556421151886080,122.35719748781,0.0687,-49.05430971612,0.0687,2.4991,0.0771,-8.25,0.091,4.408,0.083,0.975,17.792809,19.495838,16.546595,0.003004,0.031952,0.006147,472830618412,14.716,0.0044,-9,-9,13.9201,0.0071,08092574-4903156,14.687,14.108,13.87,0.041,0.048,0.049,AAA,222,0,GES,1.478
5514571573796442368,122.11203553756,0.0173,-48.98697134985,0.0187,2.6022,0.0201,-8.519,0.023,4.674,0.024,1.015,14.96083,15.744085,14.0863,0.002982,0.006341,0.004996,472830611935,12.9279,0.0014,-9,-9,12.1412,0.002,08082690-4859131,13.002,12.318,12.193,0.027,0.024,0.026,AAA,222,0,GES,1.294
5514354488969689344,122.71703513075,0.1928,-49.35381404667,0.2195,2.5706,0.2315,-9.197,0.253,4.169,0.263,6.048,16.389204,17.645102,15.083025,0.006945,0.008603,0.004634,472830649290,13.4053,0.0018,-9,-9,12.5863,0.0028,08105210-4921138,13.45,12.825,12.521,0.032,0.027,0.029,AAA,222,0,GES,1.63
5514372012436186880,122.5875547068,0.0416,-49.17909341247,0.0433,2.5568,0.0467,-8.593,0.052,4.431,0.058,0.946,16.859432,18.268534,15.695319,0.003069,0.009808,0.005261,472830631377,14.0528,0.0026,-9,-9,13.1985,0.0041,08102103-4910448,14.095,13.379,13.191,0.024,0.033,0.037,AAA,222,0,GES,1.428
5514347445223517824,122.45915602485,0.0388,-49.45644764255,0.0451,2.4914,0.0465,-9.047,0.054,4.262,0.058,1.062,16.743118,18.130054,15.590175,0.003148,0.015763,0.005591,472830659296,13.9461,0.0025,-9,-9,13.0921,0.0039,08095021-4927232,13.989,13.328,13.123,0.033,0.03,0.038,AAA,222,0,GES,1.419
5514346792388520192,122.41883976006,0.0509,-49.50566753191,0.0579,2.5751,0.06,-8.348,0.073,4.245,0.078,1.072,17.24331,18.808336,16.031855,0.003129,0.015129,0.005149,472830664216,14.2304,0.0031,-9,-9,13.4219,0.0049,08094053-4930204,14.249,13.693,13.383,0.03,0.037,0.04,AAA,222,0,GES,1.456
5514364212775723136,122.25089149971,0.0121,-49.3425609141,0.0123,2.5863,0.0134,-8.46,0.016,4.438,0.016,1.019,14.248135,14.846639,13.507875,0.003039,0.0055,0.005025,472830648200,12.4919,0.0011,-9,-9,11.841,0.0017,08090022-4920332,12.566,12.003,11.87,0.024,0.024,0.024,AAA,222,0,GES,1.25
5514371527095995648,122.79720305579,0.0115,-49.07895092895,0.0148,2.5709,0.0139,-8.558,0.016,4.328,0.02,0.93,10.9938,11.176575,10.677515,0.002784,0.002909,0.003848,472830621085,11.3394,0.0006,-9,-9,10.7104,0.0008,08111134-4904442,10.356,10.237,10.178,0.024,0.023,0.019,AAA,222,0,GES,1.176
5514369602950654720,122.64455502112,0.0087,-49.14443595288,0.0094,2.59,0.0099,-8.543,0.012,4.022,0.013,0.954,12.271931,12.582146,11.79587,0.003315,0.007322,0.006472,472830627817,11.5701,0.0006,-9,-9,10.9952,0.001,08103470-4908399,11.26,10.981,10.922,0.026,0.024,0.019,AAA,222,0,GES,1.198
5514373077588049536,122.52253432717,0.0502,-49.13291938321,0.0527,2.4655,0.0582,-8.624,0.067,4.402,0.067,0.986,17.236504,18.808039,16.030195,0.002972,0.01947,0.005337,472830626457,14.2677,0.003,-9,-9,13.4421,0.005,08100542-4907585,14.285,13.72,13.377,0.034,0.032,0.043,AAA,222,0,GES,1.449
5514336308366644864,122.30038616342,0.0852,-49.45830202239,0.0852,2.6026,0.0946,-8.337,0.121,4.064,0.111,0.951,18.168436,19.914228,16.917646,0.003208,0.049101,0.007577,472830659405,14.9864,0.0052,-9,-9,14.1762,0.0095,08091210-4927299,15.018,14.377,14.121,0.039,0.041,0.051,AAA,222,0,GES,1.477
5514358131101825792,122.85768467783,0.0131,-49.20799512483,0.015,2.6158,0.0153,-8.617,0.018,4.999,0.02,0.863,9.864305,9.895975,9.787648,0.002769,0.002863,0.003793,472830634843,11.4563,0.0006,-9,-9,10.605,0.0008,08112585-4912288,9.659,9.665,9.62,0.022,0.022,0.019,AAA,222,0,GES,1.156
5515855597219552256,122.98904693618,0.0225,-49.19228039906,0.0284,2.6161,0.0284,-8.375,0.028,3.844,0.032,2.658,13.09096,13.460964,12.492419,0.002959,0.004484,0.004582,472830633035,11.8437,0.0007,-9,-9,11.3726,0.0012,08115737-4911322,11.818,11.418,11.302,0.027,0.022,0.019,AAA,222,0,GES,1.246
5514348407296105344,122.67709502578,0.0669,-49.41532965374,0.0801,2.4779,0.0808,-8.546,0.096,3.992,0.096,1.004,17.680922,19.577084,16.389563,0.003064,0.044388,0.004989,472830655137,14.4173,0.0035,-9,-9,13.5985,0.006,08104252-4924552,14.409,13.862,13.622,0.029,0.022,0.044,AAA,222,0,GES,1.509
5514568034743288448,122.56252175201,0.0313,-48.85357035776,0.0329,2.5933,0.0352,-8.57,0.039,4.178,0.041,1.314,15.743642,16.986134,14.626068,0.002889,0.005982,0.004369,472830598697,13.0811,0.0014,-9,-9,12.2435,0.0021,08101502-4851129,13.118,12.421,12.219,0.026,0.023,0.027,AAA,222,0,GES,1.409
5514554600085773568,122.35792776363,0.0541,-49.16624824697,0.0562,2.5685,0.0634,-8.925,0.074,4.227,0.068,0.959,17.356337,18.885588,16.131857,0.003338,0.03781,0.00695,472830629992,14.3528,0.0033,-9,-9,13.5181,0.0051,08092592-4909585,14.332,13.715,13.408,0.03,0.03,0.038,AAA,222,0,GES,1.478
5514557864260860160,122.14117715779,0.0147,-49.1215657842,0.0161,2.6673,0.0172,-8.898,0.02,4.242,0.021,1.288,14.27912,14.963578,13.470325,0.002917,0.004618,0.004459,472830625408,12.3318,0.001,-9,-9,11.6234,0.0014,08083389-4907176,12.437,11.842,11.672,0.024,0.024,0.021,AAA,222,0,GES,1.273
5514355176164451712,122.7336862536,0.0403,-49.3110614639,0.0473,2.5443,0.0469,-9.184,0.054,4.299,0.058,1.131,16.48088,17.919209,15.29212,0.003763,0.018878,0.007857,472830645116,13.5619,0.002,-9,-9,12.7307,0.0031,08105610-4918399,13.618,12.947,12.729,0.026,0.022,0.027,AAA,222,0,GES,1.451
5514374039660716800,122.58954093253,0.0316,-49.02605929219,0.0355,2.5848,0.0361,-8.534,0.043,4.394,0.048,1.008,16.347054,17.557869,15.258574,0.003089,0.009745,0.005331,472830615607,13.7401,0.0023,-9,-9,12.8931,0.0033,08102150-4901339,13.785,13.109,12.838,0.029,0.029,0.03,AAA,222,0,GES,1.385
5514367373871468416,122.47612427131,0.0556,-49.14494038833,0.0587,2.5706,0.0656,-8.426,0.075,4.606,0.075,0.956,17.31853,18.898952,16.121605,0.003389,0.026758,0.00717,472830627727,14.4115,0.0033,-9,-9,13.5867,0.0056,08095429-4908418,14.348,13.782,13.581,0.029,0.03,0.033,AAA,222,0,GES,1.437
5514553088253052800,122.25164591351,0.059,-49.21648170182,0.0631,2.582,0.0689,-8.708,0.075,4.307,0.087,1.003,17.446646,19.085308,16.16429,0.002983,0.043021,0.006361,472830635497,14.2801,0.0031,-9,-9,13.463,0.0052,08090040-4912594,14.367,13.758,13.425,0.039,0.037,0.049,AAA,222,0,GES,1.532
5514371836337868544,122.80052348581,0.0949,-49.02295514632,0.1045,2.6541,0.1117,-9.07,0.124,4.298,0.132,0.972,18.200132,19.905277,16.917841,0.003282,0.063977,0.009843,472830615299,15.0167,0.0059,-9,-9,14.1956,0.009,08111213-4901226,15.094,14.506,14.231,0.049,0.058,0.068,AAA,222,0,GES,1.522
5514374348898274560,122.64784347654,0.0125,-49.08334783282,0.0137,2.5329,0.0141,-8.185,0.017,4.57,0.019,0.966,14.333066,14.996187,13.543844,0.002993,0.005239,0.004987,472830621420,12.491,0.001,-9,-9,11.7808,0.0016,08103549-4905001,12.541,11.928,11.739,0.024,0.027,0.023,AAA,222,0,GES,1.265
5514348849671242880,122.52564852873,0.0717,-49.43300507749,0.0752,2.551,0.0829,-8.527,0.101,4.23,0.097,1.076,17.643951,19.448343,16.351637,0.003062,0.0344,0.005479,472830656803,14.4264,0.0034,-9,-9,13.6254,0.0059,08100616-4925589,14.493,13.928,13.585,0.033,0.04,0.048,AAA,222,0,GES,1.522
5514551232830332288,121.85387569281,0.0097,-49.02687940885,0.0113,1.6296,0.0118,-8.864,0.013,4.675,0.012,0.897,13.531025,13.92279,12.974742,0.002761,0.002865,0.003816,472830615902,12.3009,0.001,-9,-9,11.8899,0.0018,08072494-4901368,12.371,11.995,11.899,0.026,0.024,0.021,AAA,222,0,GES,1.208
5514297864119705984,123.00604657134,0.0439,-49.60214718169,0.0545,2.5896,0.0525,-8.656,0.059,4.46,0.062,1.047,16.80797,18.355818,15.583169,0.002949,0.014677,0.005133,473606899859,13.807,0.0021,-9,-9,13.0178,0.0037,08120146-4936078,13.851,13.26,12.969,0.028,0.032,0.026,AAA,222,0,GES,1.475
5514375345330682624,122.68060832666,0.0168,-49.02089102078,0.019,2.5501,0.0192,-8.677,0.022,4.233,0.025,1.015,14.938009,15.696567,14.085384,0.002885,0.005102,0.004482,472830615116,12.9647,0.0014,-9,-9,12.1758,0.0021,08104335-4901152,13.026,12.367,12.253,0.026,0.027,0.024,AAA,222,0,GES,1.284
5514373592984760320,122.56433758137,0.0405,-49.0968547752,0.0464,2.5678,0.0485,-8.267,0.056,3.774,0.057,4.596,12.328993,12.699493,11.769496,0.002785,0.002933,0.003835,472830622867,11.4515,0.0006,-9,-9,10.7889,0.0009,08101546-4905487,11.126,10.773,10.662,0.026,0.023,0.019,AAA,222,0,GES,1.22
5514323187247487872,122.36153976467,0.0264,-49.5487020721,0.0286,2.5781,0.0302,-8.4,0.038,4.32,0.038,1.033,16.098263,17.247944,15.030034,0.003394,0.008815,0.005977,472830668540,13.5061,0.0019,-9,-9,12.6623,0.0028,08092678-4932554,13.592,12.883,12.682,0.024,0.032,0.024,AAA,222,0,GES,1.377
5514557005267410048,122.14828252359,0.0484,-49.162032058,0.0564,2.429,0.059,-8.687,0.063,4.344,0.066,1.009,17.144268,18.770777,15.922735,0.002924,0.025406,0.005581,472830629623,14.1027,0.0027,-9,-9,13.299,0.0045,08083560-4909433,14.182,13.531,13.337,0.029,0.03,0.032,AAA,222,0,GES,1.459
5514351396593326848,122.73831418759,0.0554,-49.39658865727,0.0721,2.5355,0.0688,-8.462,0.074,4.063,0.085,0.884,17.307583,19.1029,16.036055,0.002975,0.026329,0.005552,472830653370,14.117,0.0029,-9,-9,13.2682,0.0046,08105720-4923478,14.149,13.526,13.25,0.03,0.036,0.037,AAA,222,0,GES,1.497
5514369053198928896,122.59201814712,0.0374,-49.18971343332,0.0396,2.6406,0.0426,-8.371,0.046,4.141,0.052,1.058,16.60119,17.90061,15.47491,0.003007,0.017228,0.00509,472830632732,13.9128,0.0024,-9,-9,13.0497,0.0036,08102210-4911230,13.888,13.259,13.058,0.03,0.033,0.029,AAA,222,0,GES,1.407
5514562983861752704,122.47942368231,0.0201,-48.97057620048,0.02,2.5767,0.0218,-8.337,0.026,4.352,0.025,1.025,15.376111,16.274523,14.439781,0.002854,0.005059,0.004227,472830610251,13.1658,0.0016,-9,-9,12.3543,0.0023,08095507-4858140,13.268,12.552,12.413,0.023,0.024,0.023,AAA,222,0,GES,1.314
5514356030857885696,122.72194104308,0.2771,-49.28009948547,0.3507,2.4245,0.3272,-8.835,0.369,4.438,0.412,1.088,19.636557,21.247017,18.268002,0.0048,0.136461,0.018391,472830641869,16.1197,0.0137,-9,-9,15.314,0.0265,08105330-4916485,16.01,15.698,15.12,0.081,0.125,0.145,ABB,222,0,J05,1.649
5514361910673123712,122.55021980101,0.1762,-49.29480567372,0.191,2.455,0.2142,-8.692,0.242,4.405,0.242,1.084,19.189371,21.12648,17.75911,0.003947,0.13737,0.02005,472830643343,15.5922,0.009,-9,-9,14.7774,0.0155,08101207-4917413,15.754,15.008,14.654,0.079,0.088,0.082,AAA,222,0,J05,1.693
5514358058082777856,122.79785268777,0.382,-49.18575989541,0.4977,2.9749,0.4549,-8.842,0.493,3.466,0.568,1.12,20.140646,21.430391,18.76604,0.005935,0.202731,0.035162,472830632209,16.5258,0.0187,-9,-9,15.7201,0.0332,08111150-4911087,16.52,15.832,14.586,0.124,0.133,-9.0,BBU,226,0,J05,1.714
5514361223472719872,122.4591741189,0.1358,-49.35434376824,0.1531,2.9106,0.157,-8.631,0.197,3.829,0.241,1.041,18.794273,20.830156,17.451221,0.003463,0.10191,0.010786,472830649280,15.3047,0.0072,-9,-9,14.4782,0.0122,08095021-4921157,15.486,14.782,14.54,0.049,0.046,0.084,AAA,222,0,J05,1.561
5514361665854969600,122.58937857708,0.1286,-49.29675056159,0.1427,2.5484,0.1519,-8.217,0.176,4.057,0.197,1.058,18.678434,20.569246,17.340609,0.003575,0.089099,0.011589,472830643552,15.2411,0.0067,-9,-9,14.4088,0.0113,08102147-4917483,15.3,14.67,14.458,0.06,0.044,0.078,AAA,222,0,J05,1.57
5514373451244784256,122.51007795102,0.1029,-49.08699053802,0.1092,2.5441,0.1167,-8.736,0.142,3.964,0.132,1.029,18.3801,20.177788,17.13609,0.003182,0.071681,0.008267,472830621685,15.2389,0.0062,-9,-9,14.4595,0.0114,08100244-4905131,15.269,14.658,14.351,0.039,0.051,0.063,AAA,222,0,J05,1.462
5514364139756449664,122.37273531911,0.184,-49.27773594914,0.1955,2.7068,0.2225,-8.712,0.248,4.096,0.238,1.024,19.375103,21.071022,18.047096,0.004144,0.133818,0.011315,472830641633,15.939,0.0127,-9,-9,15.135,0.0211,08092947-4916400,15.947,15.308,14.991,0.087,0.104,0.128,AAB,222,0,J05,1.582
5514366922895271296,122.44518837131,0.3039,-49.19341811183,0.3302,2.2905,0.3739,-9.599,0.389,4.086,0.406,1.108,19.913397,21.067621,18.503487,0.004776,0.142911,0.024489,472830633089,16.3579,0.0162,-9,-9,15.5228,0.0281,08094687-4911363,16.39,15.617,15.377,0.165,0.167,0.176,CCC,222,0,J05,1.793
5514358058081840896,122.79856578017,0.1324,-49.18668432663,0.1747,2.4736,0.1569,-8.421,0.172,3.977,0.2,1.001,18.759802,20.478998,17.500803,0.003562,0.092995,0.01046,472830632208,15.515,0.008,-9,-9,14.7139,0.0137,08111166-4911120,15.571,15.053,14.203,0.07,0.093,-9.0,AAU,226,0,J05,1.491
5514370908624072704,122.74527051271,0.1229,-49.13487848516,0.1501,2.56,0.1481,-6.71,0.161,9.513,0.187,0.971,18.700003,20.876862,17.37282,0.003535,0.084676,0.008811,472830626678,15.2608,0.0064,-9,-9,14.451,0.0111,08105887-4908057,15.364,14.721,14.331,0.055,0.063,0.072,AAA,222,0,J05,1.527
5514363486921410560,122.28844295146,0.1098,-49.34512807131,0.1189,2.7993,0.128,-9.146,0.152,4.617,0.153,0.987,18.493073,19.978037,17.208265,0.003288,0.078565,0.014327,472830648507,15.283,0.0068,-9,-9,14.4655,0.0127,08090923-4920425,15.358,14.761,14.404,0.059,0.069,0.081,AAA,222,0,J05,1.559
5514555527798696192,122.32377287707,0.0867,-49.14290780214,0.0874,2.5275,0.0991,-8.638,0.113,4.71,0.104,1.001,18.02601,19.911638,16.703176,0.003148,0.048176,0.007527,472830627537,14.7342,0.0043,-9,-9,13.9288,0.0073,08091770-4908344,14.714,14.212,13.846,0.03,0.033,0.049,AAA,222,0,J05,1.551
5514365896393001088,122.46165094354,0.2409,-49.23596320571,0.2577,2.7611,0.2863,-8.202,0.318,4.42,0.31,0.883,19.823133,21.362535,18.47942,0.004628,0.163867,0.022319,472830637651,16.2993,0.0157,-9,-9,15.5011,0.0291,-9,-9.0,-9.0,-9.0,-9.0,-9.0,-9.0,-9,-9,-9,J05,1.627
5514365307987248512,122.43234582949,0.2044,-49.28050003293,0.2055,2.0864,0.2291,-8.732,0.294,4.144,0.244,1.03,19.41635,21.17089,18.054081,0.004027,0.135985,0.014946,472830641904,15.8464,0.0117,-9,-9,15.0252,0.0192,08094378-4916498,15.964,15.176,15.021,0.068,0.083,0.112,AAB,222,0,J05,1.62
5514363658719992320,122.36163587014,0.2993,-49.33552300882,0.2983,3.3225,0.348,-11.896,0.427,3.7,0.356,1.087,19.864279,21.272884,18.499252,0.004909,0.123651,0.018709,472830647466,16.208,0.0159,-9,-9,15.373,0.0261,08092678-4920080,16.365,15.772,15.498,0.116,0.135,0.204,BBC,222,0,J05,1.678
5514369877832540544,122.766523205,0.143,-49.16716112732,0.1847,2.8057,0.1723,-8.324,0.19,4.413,0.224,0.988,18.995852,20.773388,17.741096,0.00363,0.07895,0.012512,472830630071,15.7564,0.0097,-9,-9,14.9239,0.0164,08110397-4910017,15.826,15.232,14.756,0.075,0.084,0.094,AAA,222,0,J05,1.478
5514357955003554560,122.77909795561,0.1287,-49.20653340526,0.1698,2.4915,0.1555,-8.365,0.167,4.253,0.197,1.026,18.711128,20.41261,17.395414,0.003516,0.136854,0.010342,472830634623,15.426,0.0074,-9,-9,14.6397,0.0128,08110699-4912236,15.485,14.93,14.482,0.059,0.071,0.08,AAA,222,0,J05,1.565
5514364723870890112,122.30484734777,0.1191,-49.29402526398,0.1287,2.3264,0.1379,-9.001,0.163,4.2,0.17,1.049,18.585695,20.459187,17.283173,0.003354,0.080897,0.009658,472830643259,15.2791,0.0068,-9,-9,14.4861,0.0129,08091316-4917385,15.326,14.737,14.506,0.05,0.062,0.075,AAA,222,0,J05,1.526
5514373794842183040,122.55048762235,0.0951,-49.07543028248,0.1012,2.5886,0.1112,-8.723,0.124,4.447,0.117,1.016,18.298214,20.145147,17.03888,0.003327,0.062524,0.009945,472830620537,15.1342,0.0057,-9,-9,14.3449,0.0104,08101213-4904315,15.234,14.549,14.205,0.047,0.048,0.069,AAA,222,0,J05,1.475
5514347513937234432,122.44635443361,0.4056,-49.44249690247,0.477,3.0611,0.4738,-8.553,0.627,3.373,0.693,1.109,20.150734,21.29034,18.684225,0.006032,0.366703,0.020346,472830657783,16.2728,0.0153,-9,-9,15.4482,0.027,-9,-9.0,-9.0,-9.0,-9.0,-9.0,-9.0,-9,-9,-9,J05,1.879
5514360330121578624,122.39394851843,0.6014,-49.39811671471,0.6834,2.8007,0.7595,-7.167,0.97,3.951,0.974,1.111,20.546196,21.31535,18.99798,0.007956,0.219361,0.057353,472830653456,16.832,0.0275,-9,-9,15.9087,0.0422,-9,-9.0,-9.0,-9.0,-9.0,-9.0,-9.0,-9,-9,-9,J05,2.109
5514373897923776768,122.56862920922,0.1764,-49.06015193628,0.1925,2.497,0.2037,-8.665,0.23,3.843,0.223,1.041,19.228182,21.3677,17.868292,0.003782,0.117038,0.012514,472830618982,15.6293,0.0085,-9,-9,14.7892,0.0152,08101648-4903366,15.636,15.125,14.851,0.056,0.074,0.108,AAA,222,0,J05,1.574
5514359677284557824,122.44452022915,0.4099,-49.39013683976,0.4716,2.7729,0.4881,-9.829,0.624,5.028,0.64,1.016,20.340656,21.521425,18.948517,0.006587,0.230864,0.042794,472830652728,16.664,0.0238,-9,-9,15.7988,0.0382,08094666-4923240,16.6,15.975,15.592,0.122,0.152,0.206,BCC,222,0,J05,1.762
5514369843472122112,122.7993437507,0.1429,-49.17121243834,0.1825,2.8292,0.1672,-8.736,0.179,4.174,0.211,1.011,18.812649,20.585423,17.494108,0.003582,0.110707,0.01642,472830630508,15.518,0.008,-9,-9,14.7337,0.0139,08111185-4910164,15.507,15.015,14.721,0.058,0.08,0.098,AAA,222,0,J05,1.56
5514366201340643328,122.46279194562,0.1187,-49.20504807294,0.1227,2.5822,0.1318,-8.135,0.16,3.944,0.146,0.986,18.663961,20.176975,17.328476,0.003381,0.104838,0.010436,472830634181,15.3419,0.0068,-9,-9,14.5236,0.012,08095108-4912182,15.332,14.697,14.496,0.056,0.049,0.076,AAA,222,0,J05,1.62
5514365101828124160,122.29960410613,0.1038,-49.24521300544,0.1018,2.7115,0.1194,-8.065,0.136,4.546,0.13,1.03,18.364128,20.13994,17.09874,0.003313,0.079219,0.007865,472830638446,15.1597,0.0062,-9,-9,14.3918,0.0119,08091190-4914427,15.177,14.629,14.422,0.048,0.054,0.068,AAA,222,0,J05,1.491
5514355103144924672,122.74010441256,0.2168,-49.33278819126,0.2804,2.2793,0.2591,-8.567,0.291,4.105,0.324,1.1,19.36854,21.064997,18.086426,0.004188,0.12201,0.019818,472830647223,15.9798,0.0125,-9,-9,15.1638,0.0221,08105763-4919581,16.068,15.197,15.176,0.091,0.087,0.127,AAB,222,0,J05,1.523
5514371939416830976,122.53424554497,0.279,-49.18342081943,0.2786,2.8015,0.3222,-8.832,0.327,4.68,0.324,0.98,19.793665,21.525166,18.391706,0.004864,0.132709,0.026865,472830631780,16.2476,0.0143,-9,-9,15.4157,0.0264,08100824-4911002,16.244,15.832,15.705,0.096,0.13,-9.0,ABU,220,0,J05,1.678
5514355343662349056,122.77426802062,0.1447,-49.27361828939,0.1915,2.6892,0.1765,-8.553,0.19,4.325,0.226,1.008,18.951555,20.942661,17.614813,0.003756,0.108148,0.012865,472830641242,15.5344,0.009,-9,-9,14.6897,0.0142,08110583-4916250,15.481,14.898,14.575,0.061,0.042,0.09,AAA,222,0,J05,1.558
5514354587747828864,122.69529579987,0.1243,-49.35941084417,0.1514,2.6279,0.153,-8.71,0.164,4.308,0.173,1.016,18.743938,21.113749,17.384697,0.003442,0.14401,0.01151,472830649789,15.2048,0.0064,-9,-9,14.3974,0.0119,08104689-4921338,15.184,14.649,14.291,0.051,0.056,0.06,AAA,222,0,J05,1.554
5514356271375328000,122.69552320452,0.1022,-49.25593585496,0.1263,2.6601,0.1281,-8.603,0.134,4.56,0.143,1.006,18.4552,20.266056,17.181747,0.003969,0.081234,0.010027,472830639524,15.2787,0.0068,-9,-9,14.4977,0.0129,08104693-4915213,15.29,14.645,14.349,0.037,0.055,0.07,AAA,222,0,J05,1.497
5514366441858646272,122.37088610814,0.0869,-49.24245518553,0.0919,2.4368,0.1026,-8.574,0.113,4.782,0.115,1.009,18.128256,19.87997,16.88547,0.003131,0.053891,0.006917,472830638168,15.0176,0.0058,-9,-9,14.2329,0.0095,08092902-4914329,15.069,14.427,14.202,0.049,0.044,0.067,AAA,222,0,J05,1.467
5514368400364017408,122.67173932984,0.2134,-49.20608281936,0.2312,2.8588,0.2671,-7.411,0.302,3.959,0.284,1.057,19.44984,20.96411,18.064066,0.00423,0.088574,0.013801,472830634302,15.8854,0.0105,-9,-9,15.0537,0.0193,08104123-4912219,15.904,15.211,14.888,0.09,0.095,0.131,AAB,222,0,J05,1.688
5514366274360009856,122.5128662918,0.1263,-49.18401525851,0.1362,1.6668,0.15,-4.958,0.164,4.718,0.173,0.993,18.758362,20.42389,17.391062,0.003486,0.108235,0.014036,472830631865,15.256,0.0063,-9,-9,14.4156,0.011,08100309-4911025,15.273,14.675,14.353,0.052,0.043,0.069,AAA,222,0,J05,1.639
5514372076855795456,122.56043299322,0.1273,-49.17315753073,0.1412,2.5482,0.1546,-8.306,0.165,4.359,0.176,1.098,18.665527,20.470907,17.324335,0.003505,0.11089,0.00848,472830630696,15.3007,0.0065,-9,-9,14.4335,0.0112,08101453-4910234,15.299,14.681,14.504,0.054,0.049,0.084,AAA,222,0,J05,1.585
5514369018839065216,122.60556058208,0.1112,-49.1884698029,0.1202,2.4835,0.1282,-9.163,0.143,3.898,0.169,0.97,18.441355,20.170181,17.067791,0.003485,0.122838,0.011509,472830632381,14.9989,0.0052,-9,-9,14.1739,0.0089,08102534-4911185,14.982,14.433,14.131,0.039,0.042,0.048,AAA,222,0,J05,1.639
5514371153432613632,122.69215568167,0.1735,-49.10785503013,0.2006,2.8051,0.2076,-8.763,0.237,4.708,0.249,1.03,19.210064,21.59434,17.966635,0.003959,0.188227,0.019764,472830623850,15.8722,0.0104,-9,-9,15.0663,0.0195,08104614-4906283,16.143,15.45,15.03,0.095,0.091,0.123,AAB,222,0,J05,1.404
5514363383842195328,122.28358366706,0.2701,-49.36650055718,0.2819,2.6,0.3102,-8.241,0.4,4.559,0.35,1.044,19.8006,21.556408,18.413433,0.005003,0.118329,0.023216,472830650449,16.155,0.0141,-9,-9,15.3642,0.028,08090806-4921595,16.283,15.278,15.468,0.095,0.086,0.184,AAC,222,0,J05,1.654
5514364861310955008,122.34799167233,0.1267,-49.27420183289,0.1432,2.4103,0.1595,-8.779,0.167,3.773,0.167,0.974,18.838865,20.607944,17.548187,0.003491,0.118579,0.014656,472830641489,15.5176,0.0089,-9,-9,14.6991,0.0144,08092353-4916271,15.537,14.923,14.675,0.066,0.077,0.088,AAA,222,0,J05,1.524
5514366063900874752,122.5190978909,0.1186,-49.19411362062,0.1266,2.535,0.1373,-8.587,0.153,3.933,0.163,1.062,18.629501,20.407368,17.354755,0.003443,0.085527,0.012486,472830633020,15.3867,0.007,-9,-9,14.5422,0.0123,08100459-4911388,15.308,14.784,14.601,0.041,0.058,0.094,AAA,222,0,J05,1.503
5514370839904590464,122.70739461872,0.109,-49.13881896813,0.1224,2.5179,0.1267,-8.104,0.143,4.812,0.155,1.037,18.440882,20.23368,17.167658,0.003375,0.093143,0.009534,472830627060,15.2286,0.0061,-9,-9,14.4448,0.0114,08104978-4908197,15.245,14.714,14.414,0.05,0.058,0.075,AAA,222,0,J05,1.499
5514348162477981440,122.57437079374,0.1878,-49.43734383272,0.2137,2.656,0.2235,-8.499,0.265,4.846,0.256,1.04,19.355919,20.825415,18.021519,0.004259,0.106022,0.017267,472830657225,15.9446,0.0112,-9,-9,15.1146,0.0208,08101787-4926144,16.007,15.502,15.002,0.093,0.091,0.14,AAB,222,0,J05,1.626
5514366029542062336,122.50762489807,0.2559,-49.216281408,0.272,2.4554,0.297,-8.421,0.335,4.809,0.335,1.01,19.790827,21.060587,18.432592,0.004825,0.253843,0.02568,472830635393,16.2468,0.0143,-9,-9,15.4372,0.0269,08100178-4912585,16.323,15.573,15.588,0.094,0.111,0.205,ABC,222,0,J05,1.696
5514362353048880640,122.43435221909,0.2349,-49.31211325217,0.235,1.9467,0.2581,-8.581,0.333,5.174,0.309,1.482,19.003061,20.748386,17.553425,0.004818,0.090946,0.010626,472830645209,15.5302,0.009,-9,-9,14.7213,0.0147,08094425-4918437,15.509,15.126,14.879,0.061,0.074,0.095,AAB,222,0,J05,1.745
5514366308719592704,122.48347166015,0.1262,-49.18780846996,0.1337,2.4598,0.1471,-8.327,0.163,4.451,0.167,0.921,18.785631,20.628489,17.464039,0.003328,0.10019,0.009674,472830632504,15.4476,0.0073,-9,-9,14.6213,0.0131,08095604-4911161,15.463,15.029,14.556,0.058,0.071,0.082,AAA,222,0,J05,1.555
5514370874267144320,122.72072403524,0.1151,-49.12117643644,0.1353,2.3841,0.1372,-8.566,0.156,4.565,0.192,0.962,18.61264,20.238829,17.216251,0.004204,0.098234,0.010164,472830625267,15.1128,0.0056,-9,-9,14.3073,0.0101,08105297-4907162,15.208,14.605,14.174,0.049,0.05,0.074,AAA,222,0,J05,1.685
5514368267224743296,122.72306821501,0.101,-49.19525636907,0.1283,2.7111,0.1176,-8.841,0.128,4.46,0.16,1.019,18.22105,19.92418,16.997635,0.003293,0.049215,0.007709,472830633133,15.1613,0.0058,-9,-9,14.3614,0.0106,08105354-4911429,15.217,14.703,14.238,0.052,0.063,0.077,AAA,222,0,J05,1.45
